.Random.seed <-
c(403L, 10L, -361762953L, -580427618L, -5333160L, 1852099259L, 
1207309401L, 770035688L, 170367510L, -1533452911L, 1062405699L, 
439702866L, 92387812L, -1678641113L, 1552548989L, 1437215092L, 
-1694407334L, 1264939941L, -187997249L, -363720634L, -1022599472L, 
-651138829L, 399179281L, -88471488L, 1229437982L, 1577245417L, 
2137997339L, 1827489834L, -32875700L, 663877903L, -1511248827L, 
-1244385796L, -679797678L, 1046461901L, -1761484921L, -1650501010L, 
67476040L, 742124619L, 1595444649L, 1475682552L, 1718912038L, 
-992066239L, -1879346477L, 2143861378L, 489513140L, 1196232759L, 
1835959085L, -333432764L, 1257096554L, 1603269077L, -987060369L, 
-383164810L, -1102949984L, -970516893L, -697127167L, -1569497488L, 
1259829774L, -1445219719L, -2078204405L, -620236998L, -1645341124L, 
-745669249L, 269160149L, -1545216276L, 271216706L, 703715229L, 
-162175465L, 1944591230L, 1565178168L, -170486245L, 1560835961L, 
1179824584L, 1864527350L, 1149489201L, -1387570589L, -1272248782L, 
-440888444L, -1513557561L, -483239779L, 75386900L, -945084742L, 
-43370747L, 352179423L, 345642342L, -1534238480L, -1076534253L, 
-1343362639L, -1325144992L, -233754114L, -859171447L, -1903045957L, 
-597475702L, -1754760852L, 505462511L, 1122830629L, 1094477788L, 
-724269646L, 641701037L, 1411298407L, -953169010L, -1445393304L, 
-1237260181L, -664964599L, 1389804696L, -1550192698L, -783056095L, 
1418186675L, -1304238302L, 1963407636L, -1048766057L, -243693171L, 
-1506619228L, 2062387850L, -373604107L, -1654184113L, 1567006806L, 
-1459582208L, -1679671741L, -1533180447L, 372920656L, 268240814L, 
261242201L, 581421931L, -960476454L, 989391772L, 1301231519L, 
1044020725L, -599027572L, 561566050L, -1075819203L, -184042057L, 
1775110750L, -1148232808L, -804195589L, -30033255L, -2025929944L, 
2073997782L, 1633738321L, 380656899L, -750251886L, -221551068L, 
-401934105L, -1662218947L, 1196829108L, 1208301082L, 1434760549L, 
1814215679L, 702323334L, -1725920752L, -436596557L, -1070544047L, 
1968432896L, 288679390L, -2029547991L, 321594843L, -2098976022L, 
1143646348L, 1335465935L, -135065723L, -246899652L, 1242336530L, 
-266565107L, -299802297L, -1919900882L, 1409826440L, -109955189L, 
-1380378775L, 81070392L, -1630153754L, 520414081L, -997614829L, 
-1757256510L, -1388183692L, -492182665L, -363998099L, 41356036L, 
1002811946L, 169746325L, 464815151L, -448791242L, 143852896L, 
826688419L, 1902101697L, -1423817552L, -928341042L, 1687807801L, 
1430370123L, 1768875258L, -1854185988L, -1082053057L, 1426043669L, 
943165484L, 409293058L, 509614557L, -1485543209L, -1467509826L, 
1238840824L, 889307L, -1904000967L, -2002806392L, 8254774L, -158961807L, 
-1754382941L, 814121202L, 241638468L, -2083051769L, -1562704163L, 
342697940L, -68536582L, -345429435L, -1917678945L, 608954406L, 
13794480L, -414814893L, 1278236785L, -2034907744L, 2014886206L, 
1261529161L, 23190779L, 2020816074L, -437556692L, 507571759L, 
1677438693L, -199122020L, -1105697294L, -849149843L, -292271705L, 
1018723278L, -1765719768L, -45871470L, 787371296L, -1653482036L, 
-1294881056L, 379878594L, -1039803352L, 563422124L, 1993787068L, 
780077042L, -46550480L, 1009638308L, 280929720L, 728745818L, 
-1112549232L, -299260036L, -1211587308L, -958512830L, 602569984L, 
-176692804L, 1761877328L, 921110818L, 1027420744L, 1150360588L, 
-1675922852L, 473380306L, -1266713088L, -695971500L, -2067790616L, 
-1437918982L, 395145936L, -826597588L, -2059846412L, -877857390L, 
796207456L, 1750886412L, -1297405728L, 1483417186L, -1915129688L, 
571086924L, 2120767356L, -1087693518L, -1162277264L, 1801537348L, 
-558461992L, 1786056570L, 380519472L, 317710268L, -1452991916L, 
-143667134L, 1341871776L, -1950020932L, 118474704L, -1908430494L, 
505400040L, 541545676L, 1082411516L, -1271631374L, 98308224L, 
-750113292L, 1188055688L, 1754744634L, 1949972816L, 2037315692L, 
-33553004L, -1126503342L, -1545825824L, 1933295820L, 1121594016L, 
122417538L, -1548561176L, 1081260780L, -2008420036L, -1924944782L, 
2090819184L, -1861528028L, 1717444664L, -1613712102L, -398855984L, 
-2087195332L, 1659391892L, 1163999106L, -132616256L, -1838633412L, 
378478992L, -240303070L, 405086472L, -722000756L, 1057313564L, 
-1854058350L, 272810368L, -846185452L, -1092176088L, 31850042L, 
-2115132976L, -506142356L, -1535561804L, 197244434L, 1158583264L, 
-473377332L, 1052034272L, -1882159070L, -951152856L, -1974696436L, 
139840316L, 1407605746L, 1520849648L, 1313342020L, 665855576L, 
-1711378630L, 2105043952L, 1340694204L, 2003393812L, -1891614526L, 
-181205920L, -8154756L, 188354512L, -683054814L, -1317495128L, 
649679756L, -1903848260L, 1557030706L, 1534095936L, 336514228L, 
-691674040L, 1862484410L, 712470032L, 577194220L, 1379979604L, 
-1801441518L, -125733472L, -1381479732L, 1130784352L, -1926578238L, 
373398312L, 2082923948L, -1489520324L, 64362354L, 358807856L, 
-1270747356L, 1072102712L, -1548027174L, -899340400L, 1937965820L, 
-1132327020L, 399751234L, -264651520L, -1083460548L, 107455824L, 
-1075509086L, -783345848L, 539102988L, 974621404L, 1312017234L, 
611345024L, 639846484L, -172153880L, -594929926L, 662958416L, 
633514796L, 1331167092L, -1261151342L, 296353376L, 194322316L, 
217981792L, -1417953310L, -1457078360L, -328186676L, -931299844L, 
-1171618894L, 120664560L, -1517268540L, 534151512L, -153651846L, 
-1201172048L, 1160339388L, -1971949484L, 1186018242L, 66001952L, 
1723415740L, -1093504432L, 1045493730L, 1976389224L, -1683785140L, 
-438202116L, 1187512306L, -862653184L, -1864093836L, 2123235336L, 
1424702906L, -883227184L, 1969052652L, -566984812L, -72903726L, 
621504352L, 548879692L, -1844888288L, -1664638078L, 367194856L, 
708101356L, 711991868L, -1429355662L, -2036688272L, 620212260L, 
1076199224L, -478452582L, -1713972528L, -2020685636L, 1315878548L, 
-993849726L, -352707392L, 752775484L, 1370237072L, 410870306L, 
933076488L, 30513420L, -1898280292L, 2119984658L, -525466240L, 
-188107244L, -585535960L, 1085027642L, 920139728L, -1114561940L, 
21294900L, -1864656238L, -479585952L, -1164277428L, 324809305L, 
362800075L, 1396507708L, -157382038L, -748058465L, -1863245527L, 
-1533725250L, 2095400108L, -1113701891L, -1467348665L, -640925136L, 
1470415694L, -1674344581L, -420499235L, 1997371658L, -1542185944L, 
162697361L, 196191363L, 962889092L, 1325704114L, -1731990265L, 
1056339793L, -1124583722L, -702845004L, -1531232315L, -1141817585L, 
550124936L, -1808934746L, 1303693395L, 200913333L, 761411346L, 
-1840948000L, 757707081L, 559942523L, -896108980L, -557299750L, 
-958163505L, -1996790887L, -1854835794L, 38697148L, 1826836781L, 
-1667652905L, -1342420192L, -695227266L, -686583221L, 617619533L, 
-181748102L, -420665672L, 914072673L, 100419091L, 1727646772L, 
693334594L, 1546704471L, 1420111265L, -973271450L, 1529314916L, 
237174165L, 551055039L, 386127448L, 1329693302L, -395366781L, 
779416261L, -43851806L, -1314010544L, 1414664057L, -668486485L, 
-998253540L, 652753738L, -962036929L, -1023044215L, -1693954658L, 
-2103622580L, 984671773L, 1521249191L, 1855385296L, 1488150638L, 
1984882459L, -1659991939L, 1034303082L, 470996744L, -1654544463L, 
-436031453L, 1403441444L, 688268754L, 1922315815L, 1539145841L, 
1327163062L, 1417509460L, 451696357L, 977572591L, 405077544L, 
-1991787898L, -1615166285L, -519812587L, 282303602L, -878364480L, 
-987058903L, 434197403L, 1677591660L, 1037289594L, 1461375407L, 
-1089599303L, 1230756558L, 1056888860L, -2131223667L, 898696695L, 
-1568425728L, 668112734L, 66965547L, 1913638701L, -840248422L, 
1333170520L, 1298826433L, -632274061L, 581288084L, 386639138L, 
1244132407L, -762778367L, -1901801466L, -630233532L, -1531576459L, 
296727263L, -1617809864L, -1383969258L, -1335639517L, 891637221L, 
-1612659710L, 447997552L, 907764761L, -700479989L, 1616065788L, 
885537066L, 81862495L, 1913159401L, -793338370L, -1859980820L, 
-162301635L, 1427892487L, 1001560304L, 136545422L, 1354038971L, 
-1188049251L, -1554711990L, -1167992728L, -1598240687L, -1634337981L, 
1135324740L, 459607282L, 562866375L, -167687535L, -344681450L, 
